# reexec-v3-d3 dev build (lake, same model as out/verify), public-chunk-v3, one case per run, 6 parallel jobs on CPUs 8-15,24-31
# columns: case kind prove_rc verify_rc prove_s verify_s witness_bytes proof_bytes
d0-00-h10004-s3 pos 0 0 .010751896 .018894169 1565 1565
d0-00-h10011-s3 pos 0 0 .010117472 .023113721 2344 2344
d0-00-h10008-s3 pos 0 0 .010625859 .027493243 2766 2766
d0-00-h10007-s3 pos 0 0 .012786234 .029706660 2710 2710
d0-00-h10006-s3 pos 0 0 .013964882 .030388643 2809 2809
d0-00-h10011-s1 pos 0 0 .014281969 .030541731 3502 3502
d0-00-h10012-s0 pos 0 0 .014969484 .029766732 3420 3420
d0-00-h10013-s1 pos 0 0 .011268929 .022772890 2216 2216
d0-00-h10012-s1 pos 0 0 .014657116 .029185759 3364 3364
d0-00-h10014-s1 pos 0 0 .011032854 .023923025 2216 2216
d0-00-h10012-s3 pos 0 0 .013710314 .029910884 3612 3612
d0-00-h10013-s2 pos 0 0 .013173683 .028147265 3205 3205
d0-00-h10015-s0 pos 0 0 .011563103 .023428503 2150 2150
d0-00-h10018-s0 pos 0 0 .012008651 .023735041 2272 2272
d0-00-h10017-s0 pos 0 0 .013070289 .027654938 2807 2807
d0-00-h10016-s0 pos 0 0 .015516433 .031767498 3668 3668
d0-00-h10019-s0 pos 0 0 .015343988 .031895379 3790 3790
d0-00-h10019-s1 pos 0 0 .012901311 .028128399 3027 3027
d0-00-h10021-s1 pos 0 0 .012721903 .027795252 2759 2759
d0-00-h10023-s1 pos 0 0 .010722159 .022050130 1980 1980
d0-00-h10022-s1 pos 0 0 .012726031 .026931426 2759 2759
d0-00-h10020-s1 pos 0 0 .016626783 .034751244 4347 4347
d0-00-h10023-s3 pos 0 0 .012984418 .026018858 2935 2935
d0-00-h10023-s2 pos 0 0 .019091872 .038644431 4746 4746
d0-00-h10024-s3 pos 0 0 .009005789 .018784453 1565 1565
d0-00-h10024-s3-hdr.height_created pos 0 0 .009518474 .019180790 1565 1565
d0-00-h10024-s3-hdr.height_included(unchecked) pos 0 0 .008729930 .019382730 1565 1565
d0-00-h10024-s3-t.minimum_stake(unused_in_D0) pos 0 0 .008928384 .018981855 1565 1565
d0-00-h10024-s0 pos 0 0 .020522795 .043246612 5214 5214
d0-00-h10024-s3-w.main_block_hash(unchecked) pos 0 0 .008874993 .018893458 1565 1565
d0-00-h10024-s3-w.dup_key_last_good pos 0 0 .008989859 .019027801 1687 1565
d0-00-h10024-s3-w.unsorted_keys pos 0 0 .008910410 .018838786 1565 1565
d0-00-h10024-s3-w.base_state.extra_junk pos 0 0 .019592063 .019626228 1583 1565
d0-00-h10037-s3 pos 0 0 .010092424 .021778569 1949 1949
d0-00-h10025-s2 pos 0 0 .021229816 .044543624 4991 4991
d0-00-h10035-s1 pos 0 0 .015197202 .031077309 3636 3636
d0-00-h10034-s1 pos 0 0 .016815458 .036869640 4534 4534
d0-00-h10038-s0 pos 0 0 .013145240 .028022119 2929 2929
d0-00-h10040-s1 pos 0 0 .010691993 .022236931 1980 1980
d0-00-h10039-s1 pos 0 0 .014316234 .028251791 3128 3128
d0-00-h10041-s1 pos 0 0 .025479634 .030721960 3250 3250
d0-01-h10004-s0 pos 0 0 .013190716 .295746430 2847 2847
d0-01-h10005-s2 pos 0 0 .012863670 .293580373 2830 2830
d0-01-h10005-s3 pos 0 0 .015308612 .300808006 3857 3857
d0-01-h10006-s2 pos 0 0 .016452124 .303699558 4472 4472
d0-00-h10036-s3 pos 0 0 .088329561 .457809191 103974 103974
d0-00-h10035-s3 pos 0 0 .106638229 .531823570 118295 118295
d0-01-h10007-s1 pos 0 0 .014873472 .294723105 3544 3544
d0-01-h10007-s0 pos 0 0 .013595548 .299073382 3521 3521
d0-01-h10007-s2 pos 0 0 .012662912 .294466632 3115 3115
d0-01-h10008-s0 pos 0 0 .017250346 .303712673 5008 5008
d0-01-h10008-s3 pos 0 0 .010450759 .285755688 2190 2190
d0-01-h10009-s0 pos 0 0 .013158325 .294358729 2692 2692
d0-01-h10011-s4 pos 0 0 .010477018 .293361713 1880 1880
d0-01-h10010-s1 pos 0 0 .013240820 .299145408 2216 2216
d0-01-h10009-s1 pos 0 0 .020054684 .311110737 4924 4924
d0-01-h10012-s2 pos 0 0 .014166462 .297873524 3338 3338
d0-01-h10013-s2 pos 0 0 .014540486 .303365450 3744 3744
d0-01-h10015-s0 pos 0 0 .017700803 .307499821 3916 3916
d0-01-h10018-s2 pos 0 0 .016867205 .304373838 4404 4404
d0-01-h10017-s1 pos 0 0 .016934562 .308104549 4596 4596
d0-01-h10018-s4 pos 0 0 .012698870 .294257077 2847 2847
d0-01-h10019-s2 pos 0 0 .015364516 .300283570 3290 3290
d0-01-h10022-s0 pos 0 0 .015536280 .299153543 3543 3543
d0-01-h10024-s0 pos 0 0 .010669611 .290772209 2035 2035
d0-01-h10025-s2 pos 0 0 .018130943 .304744967 4607 4607
d0-01-h10024-s1 pos 0 0 .018337211 .305926200 3805 3805
d0-01-h10025-s2-hdr.height_created pos 0 0 .018405380 .309637425 4607 4607
d0-01-h10025-s2-hdr.height_included(unchecked) pos 0 0 .018645722 .309166218 4607 4607
d0-01-h10025-s2-t.minimum_stake(unused_in_D0) pos 0 0 .018511219 .306084027 4607 4607
d0-01-h10025-s1 pos 0 0 .058042880 .589388151 74128 74128
d0-01-h10025-s2-w.dup_key_last_good pos 0 0 .019886197 .303940343 4901 4607
d0-01-h10025-s2-w.main_block_hash(unchecked) pos 0 0 .074914964 .296515819 4607 4607
d1-00-h10004-s2 pos 0 0 .008948221 .018180416 1443 1443
d1-00-h10005-s3 pos 0 0 .016674402 .047512091 4458 4458
d1-00-h10007-s3 pos 0 0 .016840234 .071462527 6257 6257
d1-00-h10009-s3 pos 0 0 .014701028 .044804755 4716 4716
d0-01-h10025-s2-w.unsorted_keys pos 0 0 .268242667 .302296689 4607 4607
d0-01-h10033-s3 pos 0 0 .013432651 .287695498 2564 2564
d0-01-h10025-s2-w.base_state.extra_junk pos 0 0 .445391181 .304967375 4783 4607
d0-01-h10026-s1 pos 0 0 .012060208 .293072529 2033 2033
d0-01-h10034-s3 pos 0 0 .012867928 .291753396 2409 2409
d1-00-h10011-s2 pos 0 0 .013277759 .033207609 3050 3050
d1-00-h10012-s2 pos 0 0 .012854283 .029148028 2751 2751
d1-00-h10011-s0 pos 0 0 .014420420 .032594514 3473 3473
d1-00-h10012-s1 pos 0 0 .019018695 .038034933 4135 4135
d1-00-h10010-s1 pos 0 0 .017684884 .063221517 5648 5648
d1-00-h10011-s3 pos 0 0 .016495986 .056492683 5208 5208
d1-00-h10014-s0 pos 0 0 .009345198 .019446991 1443 1443
d1-00-h10013-s1-w.main_block_hash(unchecked) pos 0 0 .016947807 .038310673 4227 4227
d1-00-h10013-s1 pos 0 0 .017107387 .038588576 4227 4227
d1-00-h10013-s1-w.unsorted_keys pos 0 0 .016909174 .038679988 4227 4227
d1-00-h10013-s0 pos 0 0 .017644037 .053650133 4942 4942
d1-00-h10014-s3 pos 0 0 .018172151 .044597075 4490 4490
d1-00-h10018-s0 pos 0 0 .009135333 .021865342 1687 1687
d1-00-h10017-s0 pos 0 0 .011677408 .028658807 2612 2612
d1-00-h10018-s2 pos 0 0 .009294453 .021252519 1687 1687
d1-00-h10019-s0 pos 0 0 .009345869 .022165547 2041 2041
d1-00-h10015-s2 pos 0 0 .016991539 .051126372 4377 4377
d1-00-h10020-s2 pos 0 0 .008844245 .019343866 1565 1565
d1-00-h10021-s3 pos 0 0 .012494536 .028983608 3137 3137
d1-00-h10022-s3-t.chain_id(unused_in_D0) pos 0 0 .013428423 .028990201 3502 3502
d1-00-h10022-s3-hdr.height_created pos 0 0 .013333855 .029241885 3502 3502
d1-00-h10021-s0 pos 0 0 .015473242 .040682957 4348 4348
d1-00-h10020-s1 pos 0 0 .087698594 .053880466 5155 5155
d1-00-h10022-s3-w.base_state.extra_junk pos 0 0 .029684157 .029524738 3520 3502
d1-00-h10023-s3 pos 0 0 .015681614 .036872276 4103 4103
d1-00-h10023-s0 pos 0 0 .016214497 .045427046 4819 4819
d1-00-h10027-s0 pos 0 0 .014296286 .037079366 4878 4878
d1-00-h10025-s1 pos 0 0 .017046442 .060898104 6669 6669
d1-00-h10035-s2 pos 0 0 .016978855 .036749565 4020 4020
d1-00-h10030-s0 pos 0 0 .017234476 .050223734 4929 4929
d1-00-h10028-s0 pos 0 0 .019913608 .069812862 6989 6989
d1-00-h10038-s3 pos 0 0 .015560486 .039093035 3955 3955
d1-00-h10038-s1 pos 0 0 .017614531 .051751900 5306 5306
d1-00-h10041-s2 pos 0 0 .024685109 .068154771 7016 7016
d1-01-h10005-s4 pos 0 0 .012394127 .301027561 3718 3718
d1-01-h10013-s1 pos 0 0 .014138499 .300371657 3463 3463
d1-01-h10004-s2 pos 0 0 .017610053 .323669153 5274 5274
d1-01-h10013-s3 pos 0 0 .018433062 .308747561 5517 5517
d1-01-h10012-s0 pos 0 0 .029658389 .355191560 7234 7234
d1-01-h10014-s3 pos 0 0 .018784273 .328024040 5038 5038
d1-01-h10014-s4 pos 0 0 .021222932 .316729593 6335 6335
d1-01-h10015-s3 pos 0 0 .017821611 .318108379 4781 4781
d1-01-h10016-s0 pos 0 0 .018569700 .334033350 6030 6030
d1-01-h10016-s1 pos 0 0 .016917280 .317670023 3199 3199
d1-01-h10018-s1-t.minimum_stake(unused_in_D0) pos 0 0 .017187147 .304560641 4061 4061
d1-01-h10015-s1 pos 0 0 .060670225 .601211895 76766 76766
d1-01-h10019-s4 pos 0 0 .016221079 .301590812 4397 4397
d1-01-h10018-s1-w.dup_key_last_good pos 0 0 .017215200 .301393160 4150 4061
d1-01-h10018-s4 pos 0 0 .017667641 .310939957 4697 4697
d1-01-h10020-s3 pos 0 0 .020524128 .310445376 4893 4893
d1-01-h10019-s2 pos 0 0 .023412774 .334568267 7383 7383
d1-01-h10020-s4 pos 0 0 .019855599 .321727831 5132 5132
d1-01-h10023-s3 pos 0 0 .018571693 .327411918 4881 4881
d1-01-h10024-s1 pos 0 0 .018742665 .319370824 4671 4671
d1-01-h10021-s0 pos 0 0 .019979563 .331460157 6603 6603
d1-01-h10028-s4 pos 0 0 .021462654 .317268017 6072 6072
d1-01-h10026-s2 pos 0 0 .021183969 .349406894 14068 14068
d1-01-h10029-s0 pos 0 0 .018990972 .310068958 4330 4330
d1-01-h10036-s4 pos 0 0 .016480888 .307859460 3867 3867
d1-01-h10036-s1 pos 0 0 .017814718 .316258327 4619 4619
d1-01-h10037-s0 pos 0 0 .016863699 .329065601 5467 5467
d1-01-h10037-s3-hdr.height_included(unchecked) pos 0 0 .013606198 .303562472 3774 3774
d1-01-h10037-s2 pos 0 0 .016490726 .310244128 4437 4437
d1-01-h10037-s3-w.new_tx.sig_flip_rehashed pos 0 0 .013948221 .300947501 3774 3774
d1-01-h10038-s0 pos 0 0 .017129649 .309387445 4322 4322
d1-01-h10038-s1 pos 0 0 .021905357 .323128588 5376 5376
d1-01-h10039-s4 pos 0 0 .018420489 .320666774 4761 4761
d1-01-h10041-s0 pos 0 0 .018534123 .316780540 4278 4278
d1-01-h10040-s3 pos 0 0 .028328375 .342527468 7343 7343
d2-00-h10003-s1 pos 0 0 .016536963 .042238646 4744 4744
d2-00-h10005-s2 pos 0 0 .021054836 .060708568 5737 5737
d2-00-h10006-s2 pos 0 0 .020138281 .045021534 5190 5190
d2-00-h10005-s3 pos 0 0 .027586008 .080213848 9606 9606
d2-00-h10009-s0 pos 0 0 .019094317 .058064260 7034 7034
d2-00-h10010-s2 pos 0 0 .026419513 .069525831 8498 8498
d2-00-h10011-s1 pos 0 0 .024104946 .063370648 8243 8243
d2-00-h10012-s1 pos 0 0 .022868280 .064905516 7651 7651
d2-00-h10013-s1 pos 0 0 .020172125 .062512603 6668 6668
d2-00-h10017-s2 pos 0 0 .017550631 .041156730 4657 4657
d2-00-h10013-s3 pos 0 0 .024530137 .068702593 7204 7204
d1-01-h10041-s3 pos 0 0 .021286833 .320732929 5098 5098
d2-00-h10014-s3 pos 0 0 .025859419 .063752476 8760 8760
d1-01-h10041-s4 pos 0 0 .016804076 .313957427 4726 4726
d2-00-h10020-s0 pos 0 0 .025148310 .069842478 8857 8857
d2-00-h10020-s2 pos 0 0 .027240177 .066370534 7955 7955
d2-00-h10021-s3 pos 0 0 .028165459 .065055137 8148 8148
d2-00-h10025-s3 pos 0 0 .025688888 .059030119 7479 7479
d2-00-h10024-s1 pos 0 0 .027155098 .086639080 9145 9145
d2-00-h10022-s2 pos 0 0 .032838003 .090576530 8519 8519
d2-00-h10030-s1 pos 0 0 .025159051 .070024540 7176 7176
d2-00-h10032-s1 pos 0 0 .027468798 .050500926 5618 5618
d2-00-h10032-s1-w.main_block_hash(unchecked) pos 0 0 .021614119 .051362888 5618 5618
d2-00-h10032-s1-w.base_state.extra_junk pos 0 0 .051503222 .051419073 5811 5618
d2-00-h10032-s1-w.unsorted_keys pos 0 0 .021571319 .050302833 5618 5618
d2-00-h10031-s3 pos 0 0 .034503969 .111237616 10528 10528
d2-00-h10037-s0 pos 0 0 .024114665 .071903176 7808 7808
d2-00-h10037-s2 pos 0 0 .022774413 .055948138 6171 6171
d2-02-h10005-s5 pos 0 0 .016810699 .046797526 4510 4510
d2-02-h10004-s1 pos 0 0 .021140177 .055070466 6307 6307
d2-00-h10059-s0 pos 0 0 .023348153 .055278527 7571 7571
d2-02-h10003-s0 pos 0 0 .024927465 .065320046 6700 6700
d2-00-h10044-s3 pos 0 0 .119943601 .101052677 11396 11396
d2-00-h10055-s3 pos 0 0 .032214429 .074752599 9378 9378
d2-02-h10014-s5 pos 0 0 .022337070 .059898633 7012 7012
d2-02-h10010-s5 pos 0 0 .039312438 .086279624 10102 10102
d2-02-h10013-s0 pos 0 0 .040871383 .072816575 8728 8728
d2-02-h10014-s2 pos 0 0 .028650813 .081117478 8498 8498
d2-02-h10015-s4 pos 0 0 .028237525 .076596099 9751 9751
d2-02-h10012-s5 pos 0 0 .040684110 .111668187 10628 10628
d2-02-h10020-s1 pos 0 0 .027876045 .069511435 7403 7403
d2-02-h10016-s5 pos 0 0 .026529170 .079298144 7419 7419
d2-02-h10021-s2 pos 0 0 .040201421 .092850962 11792 11792
d2-02-h10022-s0 pos 0 0 .035682526 .091713150 10173 10173
d2-02-h10025-s1 pos 0 0 .036229135 .106748127 10328 10328
d2-02-h10026-s0 pos 0 0 .031290661 .097743920 12390 12390
d2-02-h10026-s2 pos 0 0 .029184557 .081276798 8561 8561
d2-02-h10026-s3 pos 0 0 .033439225 .099705001 10241 10241
d2-02-h10026-s3-hdr.height_created pos 0 0 .033612702 .099591317 10241 10241
d2-02-h10026-s3-t.minimum_stake(unused_in_D0) pos 0 0 .033997265 .099434932 10241 10241
d2-02-h10026-s3-w.dup_key_last_good pos 0 0 .034051757 .099074294 10363 10241
d2-02-h10026-s3-w.new_tx.drop_rehashed pos 0 0 .033879783 .098800098 10011 10011
d2-02-h10038-s2 pos 0 0 .026200591 .065480428 7613 7613
d2-02-h10039-s2 pos 0 0 .033615687 .090172861 9647 9647
d2-02-h10046-s4 pos 0 0 .027877207 .069736328 7662 7662
d2-02-h10071-s1 pos 0 0 .029593687 .072742296 8472 8472
d2-02-h10157-s2 pos 0 0 .029472619 .073189047 8319 8319
d2-02-h10062-s3 pos 0 0 .043752816 .114298807 13518 13518
d2-02-h10194-s5 pos 0 0 .024839599 .061365784 6663 6663
d2-03-h10003-s2 pos 0 0 .017398174 .043509167 4135 4135
d2-02-h10181-s0 pos 0 0 .048048180 .119446406 15011 15011
d2-02-h10206-s4 pos 0 0 .033974773 .082127559 9494 9494
d2-02-h10210-s2 pos 0 0 .049246755 .154562096 17019 17019
d2-03-h10006-s3 pos 0 0 .027758814 .095993285 13701 13701
d2-03-h10006-s2 pos 0 0 .089579313 .191863159 23897 23897
d2-03-h10009-s3 pos 0 0 .059845052 .146401006 24283 24283
d2-03-h10010-s3 pos 0 0 .056998665 .144922934 24072 24072
d2-03-h10010-s1 pos 0 0 .114261227 .253822400 34434 34434
d2-03-h10005-s1 pos 0 0 .092250531 .528483640 103950 103950
d2-03-h10016-s1 pos 0 0 .118579164 .255551654 32951 32951
d2-03-h10024-s3 pos 0 0 .028026198 .186588782 8324 8324
d2-03-h10003-s3 pos 0 0 .162093801 .639918146 102029 102029
d2-03-h10031-s3 pos 0 0 .046614161 .098686173 13451 13451
d2-03-h10022-s0 pos 0 0 .177616195 .196883066 27118 27118
d2-03-h10032-s1 pos 0 0 .045633315 .098001094 12029 12029
d2-03-h10035-s1 pos 0 0 .033142686 .074774671 9411 9411
d2-03-h10032-s0-hdr.height_included(unchecked) pos 0 0 .109233524 .234935364 36737 36737
d2-03-h10032-s0-t.chain_id(unused_in_D0) pos 0 0 .108392622 .236365946 36737 36737
d2-03-h10032-s0-t.validator_reward.other_shard.0(unread) pos 0 0 .112108496 .237284945 36737 36737
d2-03-h10041-s0 pos 0 0 .088936324 .196487863 25320 25320
d2-03-h10052-s2 pos 0 0 .101734201 .187314648 25800 25800
d2-03-h10061-s0 pos 0 0 .104230228 .202470583 30984 30984
d3-00-h10008-s2-w.unsorted_keys pos 0 0 .053597274 .095738646 13461 13461
d2-03-h10053-s0 pos 0 0 .101780868 .260395341 35650 35650
d3-00-h10008-s0 pos 0 0 .084841608 .126225324 15166 15166
d3-00-h10011-s0 pos 0 0 .086923877 .136534286 14433 14433
d3-00-h10005-s1 pos 0 0 .232888501 .404586007 13478 13478
d3-00-h10028-s0 pos 0 0 .035869960 .102244050 14541 14541
d3-00-h10017-s0 pos 0 0 .176181515 .293589745 24181 24181
d3-00-h10022-s1 pos 0 0 .113468846 .173063707 19294 19294
d3-00-h10037-s2 pos 0 0 .122750374 .185374817 19562 19562
d3-00-h10044-s2 pos 0 0 .133384328 .186040842 15466 15466
d2-03-h10004-s3 pos 0 0 .160055604 2.226403756 102196 102196
d3-00-h10046-s2 pos 0 0 .065365142 .131384094 21762 21762
d3-00-h10050-s0-w.base_state.extra_junk pos 0 0 .157890721 .158177370 18648 18500
d3-00-h10056-s0 pos 0 0 .078929281 .146255743 20008 20008
d3-00-h10063-s3 pos 0 0 .080072683 .150556557 16027 16027
d3-00-h10069-s0 pos 0 0 .032319838 .071189324 9945 9945
d3-00-h10064-s1 pos 0 0 .061756841 .110354144 13044 13044
d3-00-h10033-s0 pos 0 0 .237657677 .719561984 88058 88058
d3-00-h10075-s0-w.base_state.extra_junk pos 0 0 .112525320 .111021430 11829 11724
d3-00-h10075-s2 pos 0 0 .130490872 .191938421 19154 19154
d3-00-h10080-s2 pos 0 0 .090988036 .182581811 19242 19242
d3-00-h10081-s0 pos 0 0 .140043571 .219165024 23895 23895
d3-00-h10073-s0 pos 0 0 .229104600 .452445092 67718 67718
d3-00-h10091-s2 pos 0 0 .026455571 .068324662 9029 9029
d3-00-h10082-s0-code.reorder pos 0 0 .155107774 .238458555 23556 23556
d3-00-h10087-s1 pos 0 0 .142034719 .226257602 23131 23131
d3-00-h10092-s2 pos 0 0 .035704990 .095265416 11189 11189
d3-00-h10094-s1-t.tx_valid_flip.1 pos 0 0 .027937240 .079540631 9470 9470
d3-00-h10088-s3 pos 0 0 .121257545 .188596332 18748 18748
d3-00-h10108-s3 pos 0 0 .025379205 .058321054 7126 7126
d3-00-h10114-s1 pos 0 0 .052672273 .085764334 12920 12920
d3-01-h10020-s4 pos 0 0 .025137781 .334149392 7951 7951
d3-01-h10014-s2 pos 0 0 .081990733 .433830849 20718 20718
d3-01-h10014-s4 pos 0 0 .081460755 .435213732 19211 19211
d3-01-h10023-s1 pos 0 0 .139085599 .523414623 22766 22766
d3-01-h10026-s1 pos 0 0 .087665051 .435762336 19737 19737
d3-01-h10027-s1 pos 0 0 .091480603 .439332685 16171 16171
d3-01-h10029-s2 pos 0 0 .095598233 .445493981 17212 17212
d3-01-h10032-s0 pos 0 0 .112270701 .493377361 25025 25025
d3-01-h10034-s1 pos 0 0 .055581940 .372163217 8632 8632
d3-01-h10040-s3 pos 0 0 .059003799 .374728816 8561 8561
d3-01-h10035-s3 pos 0 0 .139054170 .485458247 19267 19267
d3-01-h10041-s0 pos 0 0 .068159591 .400411814 14901 14901
d3-01-h10064-s3 pos 0 0 .034877291 .343097334 8552 8552
d3-01-h10050-s1 pos 0 0 .128599324 .503288765 25035 25035
d3-01-h10073-s0 pos 0 0 .027731642 .337665241 7937 7937
d3-01-h10067-s0 pos 0 0 .121547762 .482394050 21759 21759
d3-01-h10069-s3 pos 0 0 .065505175 .385036136 15233 15233
d3-01-h10073-s2 pos 0 0 .033255930 .374748304 15408 15408
d3-00-h10021-s2-code.extra_garbage pos 0 0 2.425127272 2.392377114 75221 75067
d3-00-h10021-s2-code.extra_unneeded pos 0 0 2.405213483 2.383088742 75299 75067
d3-01-h10074-s4 pos 0 0 .059636270 .376501613 9929 9929
d3-01-h10076-s1 pos 0 0 .025515241 .368009050 13808 13808
d3-01-h10076-s0 pos 0 0 .053944878 .371996835 11284 11284
d3-01-h10080-s4 pos 0 0 .036541614 .343751796 9420 9420
d3-02-h10006-s0 pos 0 0 .055208186 .101939077 13198 13198
d3-01-h10086-s3-w.new_tx.drop_rehashed pos 0 0 .033291047 .353195239 10580 10580
d3-01-h10094-s4 pos 0 0 .034466128 .350281215 10498 10498
d3-01-h10106-s1 pos 0 0 .036887695 .351549973 10063 10063
d3-02-h10006-s4-w.dup_key_last_good pos 0 0 .056409787 .103628106 14188 14033
d3-01-h10121-s4 pos 0 0 .069180243 .398113609 14447 14447
d3-02-h10007-s3 pos 0 0 .101717971 .180632213 21052 21052
d3-02-h10025-s3 pos 0 0 .097536060 .193466629 28033 28033
d3-02-h10029-s4 pos 0 0 .085248925 .149760760 18326 18326
d3-02-h10051-s2 pos 0 0 .038545325 .104391423 12111 12111
d3-02-h10032-s1-t.tx_valid_flip.2 pos 0 0 .138909438 .208855671 19660 19660
d3-02-h10036-s1 pos 0 0 .129989269 .201913116 18790 18790
d3-02-h10064-s4 pos 0 0 .033396825 .102158911 11788 11788
d3-02-h10062-s2 pos 0 0 .085008483 .182515537 17290 17290
d3-02-h10066-s1 pos 0 0 .122616704 .220295693 23377 23377
d3-02-h10066-s4 pos 0 0 .089105433 .165839482 18777 18777
d3-02-h10042-s3 pos 0 0 .189453376 .601283751 94587 94587
d3-02-h10066-s5 pos 0 0 .129737015 .202526800 20933 20933
d3-02-h10067-s5 pos 0 0 .092907629 .191921511 19967 19967
d3-02-h10084-s4 pos 0 0 .032356598 .093417980 10664 10664
d3-02-h10067-s2 pos 0 0 .149587755 .229806013 21555 21555
d3-02-h10068-s1-code.duplicate pos 0 0 .108233273 .159366510 18233 17271
d3-02-h10086-s3 pos 0 0 .081527782 .135542671 15668 15668
d3-02-h10101-s2 pos 0 0 .038519647 .091380986 13270 13270
d3-02-h10100-s3 pos 0 0 .140569403 .215799881 21566 21566
d3-01-h10100-s4 pos 0 0 .598327407 1.475022363 156740 156740
d3-02-h10109-s0 pos 0 0 .108567753 .197221786 24280 24280
d3-02-h10109-s2 pos 0 0 .105800685 .195642324 20249 20249
d3-02-h10088-s0-hdr.height_created pos 0 0 .169984253 .684075863 104998 104998
d3-02-h10113-s0 pos 0 0 .080536055 .204714859 26381 26381
d3-03-h10028-s1 pos 0 0 .024497897 .058518346 7812 7812
d3-03-h10022-s2 pos 0 0 .074636933 .143882939 16212 16212
d3-02-h10111-s4 pos 0 0 .147027527 .367891851 21000 21000
d3-03-h10019-s0 pos 0 0 .127702125 .255306627 43590 43590
d3-03-h10036-s2 pos 0 0 .086310303 .187752094 25622 25622
d3-03-h10029-s1 pos 0 0 .129100117 .216461086 23442 23442
d3-03-h10031-s3-code.duplicate pos 0 0 .162363631 .252191013 26457 25398
d3-03-h10037-s3-t.chain_id(unused_in_D0) pos 0 0 .108798477 .259439295 39007 39007
d3-03-h10039-s3 pos 0 0 .096229361 .209302314 33305 33305
d3-02-h10053-s2 pos 0 0 1.107475402 1.585195922 141129 141129
d3-03-h10063-s1 pos 0 0 .067125806 .110485282 14639 14639
d3-03-h10059-s2 pos 0 0 .174892832 .245513937 31510 31510
d3-03-h10067-s1 pos 0 0 .136624187 .204179643 21658 21658
d3-03-h10046-s2 pos 0 0 .294256083 .416910058 36119 36119
d3-03-h10067-s3 pos 0 0 .105657847 .229867889 33077 33077
d3-03-h10072-s2-t.minimum_stake(unused_in_D0) pos 0 0 .101956189 .208199027 33841 33841
d3-03-h10076-s1 pos 0 0 .105803550 .232014911 33147 33147
d3-03-h10083-s1 pos 0 0 .114572344 .253044230 38321 38321
d3-03-h10096-s0 pos 0 0 .097716711 .203736278 25288 25288
d3-03-h10092-s2 pos 0 0 .120672905 .245742698 35443 35443
d3-03-h10106-s1 pos 0 0 .182441279 .254857372 21371 21371
d3-03-h10107-s3 pos 0 0 .075074086 .189008779 25608 25608
d3-03-h10106-s1-code.reorder pos 0 0 .183307078 .255438717 21371 21371
d3-03-h10106-s3 pos 0 0 .182646386 .299113055 45362 45362
d3-03-h10120-s3 pos 0 0 .038440809 .098369930 14636 14636
d3-03-h10121-s0 pos 0 0 .026076588 .066119422 9512 9512
d3-04-h10006-s3 pos 0 0 .022993887 .056743295 7249 7249
d3-03-h10116-s0 pos 0 0 .202100209 .277876375 24234 24234
d3-03-h10120-s1 pos 0 0 .165141249 .227728092 23535 23535
d3-04-h10015-s4 pos 0 0 .080890893 .155103798 16502 16502
d3-04-h10037-s1 pos 0 0 .061928083 .101072577 13506 13506
d3-04-h10036-s4 pos 0 0 .069721722 .215858183 15711 15711
d3-04-h10029-s0-w.main_block_hash(unchecked) pos 0 0 .074180674 .222012155 15838 15838
d3-04-h10028-s4 pos 0 0 .150493591 .232191744 20469 20469
d3-03-h10082-s2-w.main_block_hash(unchecked) pos 0 0 .654067006 1.160892675 164109 164109
d3-04-h10038-s2 pos 0 0 .199791654 .217249081 23140 23140
d3-04-h10046-s2 pos 0 0 .105983410 .180077911 18639 18639
d3-04-h10048-s2 pos 0 0 .107073942 .156531885 17435 17435
d3-04-h10046-s0 pos 0 0 .246861253 .575271168 98817 98817
d3-04-h10045-s4 pos 0 0 .276810130 .613137184 73784 73784
d3-04-h10051-s2 pos 0 0 .114327364 .178499300 17096 17096
d3-04-h10052-s4 pos 0 0 .055469187 .258233056 59497 59497
d3-02-h10091-s5 pos 0 0 1.435639124 3.065710846 90575 90575
d3-04-h10057-s1-w.new_tx.drop_rehashed pos 0 0 .096561447 .155805619 17496 17496
d3-04-h10061-s0 pos 0 0 .075958440 .136014330 17697 17697
d3-04-h10057-s2 pos 0 0 .148932634 .228859783 23526 23526
d3-04-h10075-s1 pos 0 0 .076573749 .128370303 15468 15468
d3-04-h10063-s2 pos 0 0 .184335124 .264438074 19341 19341
d3-04-h10061-s1 pos 0 0 .209233626 .454152453 65405 65405
d3-04-h10085-s3 pos 0 0 .151380541 .181724060 18564 18564
d3-04-h10086-s2 pos 0 0 .113776316 .165108959 18148 18148
d3-04-h10085-s0 pos 0 0 .209968859 .330595098 30334 30334
d3-04-h10097-s2-code.extra_unneeded pos 0 0 .095007252 .092976198 12867 12518
d3-04-h10102-s0 pos 0 0 .028766661 .058887100 8093 8093
d3-04-h10105-s4 pos 0 0 .034776081 .057808450 6023 6023
d3-04-h10098-s4 pos 0 0 .088486599 .183919723 26301 26301
d3-04-h10081-s4 pos 0 0 .338668182 .476435481 44578 44578
d3-04-h10107-s2-t.minimum_stake(unused_in_D0) pos 0 0 .032570069 .089331720 12298 12298
d3-05-h10005-s2 pos 0 0 .049783507 .366026563 9841 9841
d3-05-h10007-s4 pos 0 0 .031479207 .354202659 10073 10073
d3-04-h10039-s0 pos 0 0 .185979138 2.384157325 107077 107077
d3-05-h10013-s5 pos 0 0 .148147676 .482691888 17384 17384
d3-05-h10026-s1-hdr.height_included(unchecked) pos 0 0 .056972317 .442712202 21052 21052
d3-05-h10021-s0 pos 0 0 .142552446 .484152256 21844 21844
d3-05-h10030-s4 pos 0 0 .112264211 .439651883 13242 13242
d3-05-h10031-s4 pos 0 0 .082013236 .417723813 18322 18322
d3-05-h10032-s5 pos 0 0 .062227928 .378793012 10187 10187
d3-05-h10030-s0 pos 0 0 .135544947 1.114919486 104245 104245
d3-05-h10039-s3 pos 0 0 .071761501 .440115176 25211 25211
d3-05-h10010-s3-code.extra_garbage pos 0 0 1.097774977 1.066898847 99791 99744
d3-05-h10045-s1 pos 0 0 .079948440 .409398285 17106 17106
d3-05-h10072-s5-hdr.height_created pos 0 0 .033649662 .362309058 11287 11287
d3-05-h10073-s1 pos 0 0 .080020195 .415563147 16613 16613
d3-04-h10113-s2 pos 0 0 1.422034602 2.244958813 54763 54763
d3-05-h10063-s3 pos 0 0 .375130750 1.059008920 109374 109374
d3-05-h10028-s5 pos 0 0 1.086906171 2.012790733 181810 181810
d3-05-h10062-s4-hdr.height_included(unchecked) pos 0 0 .490242780 1.459916414 99915 99915
d3-05-h10080-s5 pos 0 0 .139541640 .481489406 19604 19604
d3-05-h10062-s4-w.unsorted_keys pos 0 0 .498547871 1.449271019 99915 99915
d3-05-h10082-s3 pos 0 0 .047969273 .372990011 13045 13045
d3-05-h10082-s2 pos 0 0 .067269337 .459766833 22520 22520
d3-05-h10086-s1 pos 0 0 .061940758 .386882429 13259 13259
d3-05-h10098-s1-t.chain_id(unused_in_D0) pos 0 0 .025139725 .325472189 5872 5872
d3-05-h10100-s3 pos 0 0 .029477870 .341463175 7549 7549
d3-05-h10094-s1 pos 0 0 .088243001 .442018490 12514 12514
d3-05-h10105-s3 pos 0 0 .105914461 .475982614 22155 22155
d3-05-h10114-s1 pos 0 0 .089125542 .420061856 17149 17149
d3-05-h10103-s4 pos 0 0 .148408599 .499778900 21507 21507
d3-05-h10102-s4-w.dup_key_last_good pos 0 0 .329478940 .956550908 103260 102672
d0-00-h10024-s3-c.inner_rest_flip rej 0 1 .004086100 .004566144 1565 1565
d0-00-h10024-s3-c.slot_inner_flip rej 0 1 .004692512 .005512365 1565 1565
d0-00-h10024-s3-c.drop_last_block rej 0 1 .006977422 .009101249 1565 1565
d0-00-h10024-s3-c.slot_height_flip rej 0 1 .006202654 .008721705 1565 1565
d0-00-h10024-s3-c.epoch_start_flip rej 0 1 .009201017 .013554210 1565 1565
d0-00-h10024-s3-c.extra_block rej 0 1 .011344632 .018076141 1565 1565
d0-00-h10024-s3-hdr.congestion.allowed_shard rej 0 1 .009530668 .017662212 1565 1565
d0-00-h10024-s3-hdr.bandwidth_requests.add rej 0 1 .009284604 .017781657 1572 1572
d0-00-h10024-s3-hdr.congestion.receipt_bytes rej 0 1 .008904248 .017474239 1565 1565
d0-00-h10024-s3-hdr.congestion.delayed_gas rej 0 1 .010858817 .017381875 1565 1565
d0-00-h10024-s3-hdr.encoded_length rej 0 1 .009185568 .019255591 1565 1565
d0-00-h10024-s3-hdr.encoded_merkle_root rej 0 1 .009030897 .019210476 1565 1565
d0-00-h10024-s3-hdr.gas_limit rej 0 1 .009220203 .017597571 1565 1565
d0-00-h10024-s3-hdr.prev_balance_burnt rej 0 1 .009520108 .017009493 1565 1565
d0-00-h10024-s3-hdr.prev_gas_used rej 0 1 .009359886 .017792848 1565 1565
d0-00-h10024-s3-hdr.prev_outcome_root rej 0 1 .009344287 .016971271 1565 1565
d0-00-h10024-s3-hdr.prev_outgoing_receipts_root rej 0 1 .009303961 .017676859 1565 1565
d0-00-h10024-s3-hdr.prev_state_root rej 0 1 .009371539 .017456554 1565 1565
d0-00-h10024-s3-hdr.proposals.add rej 0 1 .009234720 .017239396 1623 1623
d0-00-h10024-s3-hdr.proposed_split.some rej 0 1 .009288782 .018869735 1589 1589
d0-00-h10024-s3-hdr.tx_root rej 0 1 .009629163 .017620784 1565 1565
d0-00-h10024-s3-t.rs_params rej 0 1 .009238147 .018274003 1565 1565
d0-00-h10024-s3-w.applied_receipts_hash rej 0 1 .009191059 .015481707 1565 1565
d0-00-h10024-s3-w.base_state.drop_node rej 0 1 .007938771 .014783454 1140 1140
d0-00-h10024-s3-w.corrupt_proof rej 0 1 .009501001 .014831454 1565 1565
d0-00-h10024-s3-w.epoch_id rej 0 1 .009061084 .013223558 1565 1565
d0-00-h10024-s3-w.drop_proof rej 0 1 .009808771 .014566536 1443 1443
d0-00-h10024-s3-w.dup_key_last_bad rej 0 1 .009168516 .014446569 1687 1565
d0-00-h10024-s3-w.extra_proof rej 0 1 .009378171 .014931362 1687 1687
d0-00-h10024-s3-w.trailing_byte rej 0 1 .002846617 .002696455 1566 1566
d0-00-h10024-s3-w.main_post_root rej 0 1 .009043741 .016711473 1565 1565
d0-01-h10025-s2-c.drop_last_block rej 0 1 .015396868 .018728439 4607 4607
d0-01-h10025-s2-c.inner_rest_flip rej 0 1 .013051303 .015941684 4607 4607
d0-01-h10025-s2-c.slot_height_flip rej 0 1 .013335699 .015982250 4607 4607
d0-01-h10025-s2-c.slot_inner_flip rej 0 1 .011126421 .011758851 4607 4607
d0-01-h10025-s2-c.epoch_start_flip rej 0 1 .018153025 .023805004 4607 4607
d0-01-h10025-s2-c.extra_block rej 0 1 .021664365 .028734691 4607 4607
d0-01-h10025-s2-hdr.congestion.allowed_shard rej 0 1 .018334798 .035998082 4607 4607
d0-01-h10025-s2-hdr.congestion.delayed_gas rej 0 1 .018120555 .036032176 4607 4607
d0-01-h10025-s2-hdr.bandwidth_requests.add rej 0 1 .018746001 .036706015 4614 4614
d0-01-h10025-s2-hdr.congestion.receipt_bytes rej 0 1 .018388118 .035686596 4607 4607
d0-01-h10025-s2-hdr.prev_gas_used rej 0 1 .018027029 .035201873 4607 4607
d0-01-h10025-s2-hdr.prev_balance_burnt rej 0 1 .018110346 .035609780 4607 4607
d0-01-h10025-s2-hdr.gas_limit rej 0 1 .018317776 .035967895 4607 4607
d0-01-h10025-s2-hdr.prev_outcome_root rej 0 1 .017994297 .035200711 4607 4607
d0-01-h10025-s2-hdr.prev_state_root rej 0 1 .018028331 .034791190 4607 4607
d0-01-h10025-s2-hdr.prev_outgoing_receipts_root rej 0 1 .018153818 .036164194 4607 4607
d0-01-h10025-s2-hdr.proposals.add rej 0 1 .018080570 .035238973 4665 4665
d0-01-h10025-s2-hdr.proposed_split.some rej 0 1 .018259526 .036639880 4631 4631
d0-01-h10025-s2-w.applied_receipts_hash rej 0 1 .018114793 .027218358 4607 4607
d0-01-h10025-s2-hdr.tx_root rej 0 1 .018184865 .036343983 4607 4607
d0-01-h10025-s2-t.rs_params rej 0 1 .018080028 .036607449 4607 4607
d0-01-h10025-s2-w.base_state.drop_node rej 0 1 .031622366 .046577343 4553 4553
d0-01-h10025-s2-w.corrupt_proof rej 0 1 .018253766 .026933090 4607 4607
d0-01-h10025-s2-w.drop_proof rej 0 1 .018155060 .026349071 4313 4313
d0-01-h10025-s2-w.dup_key_last_bad rej 0 1 .018176961 .027122757 4901 4607
d0-01-h10025-s2-w.trailing_byte rej 0 1 .002699020 .002625872 4608 4608
d0-01-h10025-s2-w.epoch_id rej 0 1 .015417036 .021731290 4607 4607
d0-01-h10025-s2-w.extra_proof rej 0 1 .018525337 .026852609 4901 4901
d0-01-h10025-s2-hdr.encoded_length rej 0 1 .018210995 .303874510 4607 4607
d0-01-h10025-s2-w.main_post_root rej 0 1 .018281988 .034805577 4607 4607
d0-01-h10025-s2-hdr.encoded_merkle_root rej 0 1 .018183563 .303439241 4607 4607
d1-00-h10013-s1-c.epoch_start_flip rej 0 1 .016931647 .023489570 4227 4227
d1-00-h10013-s1-c.extra_block rej 0 1 .018513624 .027794683 4227 4227
d1-00-h10022-s3-c.drop_last_block rej 0 1 .011239003 .013688163 3502 3502
d1-00-h10022-s3-w.base_state.drop_node rej 0 1 .013285514 .023409419 3426 3426
d1-00-h10013-s1-hdr.congestion.allowed_shard rej 0 1 .016993524 .034481026 4227 4227
d1-00-h10013-s1-hdr.prev_state_root rej 0 1 .016281303 .032959403 4227 4227
d1-00-h10022-s3-hdr.encoded_merkle_root rej 0 1 .013767452 .029497827 3502 3502
d1-00-h10022-s3-w.trailing_byte rej 0 1 .002836359 .002663312 3503 3503
d1-00-h10022-s3-w.main_post_root rej 0 1 .013749147 .025833952 3502 3502
d1-00-h10022-s3-w.new_tx.drop rej 0 1 .013539914 .026912101 3325 3325
d1-00-h10034-s0-hdr.bandwidth_requests.add rej 0 1 .012605645 .024428757 3199 3199
d1-00-h10034-s0-hdr.prev_gas_used rej 0 1 .012562193 .024276671 3192 3192
d1-00-h10034-s0-hdr.prev_outcome_root rej 0 1 .012675246 .023679928 3192 3192
d1-00-h10034-s0-w.corrupt_proof rej 0 1 .012384669 .018383379 3192 3192
d1-00-h10034-s0-hdr.proposed_split.some rej 0 1 .012366585 .024468622 3216 3216
d1-00-h10034-s0-w.drop_proof rej 0 1 .012309097 .018345808 3070 3070
d1-01-h10018-s1-c.inner_rest_flip rej 0 1 .012461864 .015228081 4061 4061
d1-00-h10034-s0-w.dup_key_last_bad rej 0 1 .012822884 .018641735 3314 3192
d1-01-h10025-s0-c.slot_height_flip rej 0 1 .015021172 .020806570 5276 5276
d1-01-h10018-s1-w.applied_receipts_hash rej 0 1 .017039229 .025303213 4061 4061
d1-01-h10018-s1-hdr.proposals.add rej 0 1 .017398576 .033333717 4119 4119
d1-01-h10037-s3-c.slot_inner_flip rej 0 1 .007550741 .008234238 3774 3774
d1-01-h10025-s0-t.tx_valid_flip.3 rej 0 1 .017247050 .043436352 5276 5276
d1-01-h10025-s0-hdr.tx_root rej 0 1 .017167902 .048078909 5276 5276
d1-01-h10025-s0-w.tx.sig_flip rej 0 1 .017541876 .027215281 5276 5276
d1-01-h10037-s3-hdr.gas_limit rej 0 1 .013427442 .026195052 3774 3774
d1-01-h10037-s3-hdr.prev_balance_burnt rej 0 1 .013515988 .026607448 3774 3774
d1-01-h10037-s3-hdr.prev_outgoing_receipts_root rej 0 1 .013466154 .027098332 3774 3774
d1-01-h10037-s3-t.rs_params rej 0 1 .013492835 .029351262 3774 3774
d1-01-h10037-s3-w.epoch_id rej 0 1 .012426017 .017871175 3774 3774
d1-01-h10037-s3-w.extra_proof rej 0 1 .013582904 .023035315 3929 3929
d2-00-h10032-s1-c.drop_last_block rej 0 1 .018838406 .021400338 5618 5618
d2-00-h10032-s1-c.slot_height_flip rej 0 1 .017634700 .022611277 5618 5618
d2-00-h10032-s1-hdr.gas_limit rej 0 1 .021124939 .045256046 5618 5618
d2-00-h10032-s1-hdr.prev_state_root rej 0 1 .021238443 .044062029 5618 5618
d2-00-h10032-s1-hdr.proposed_split.some rej 0 1 .021350684 .046218217 5642 5642
d2-00-h10032-s1-t.rs_params rej 0 1 .021123397 .047426290 5618 5618
d2-00-h10032-s1-w.trailing_byte rej 0 1 .002827662 .002833873 5619 5619
d2-00-h10032-s1-w.drop_proof rej 0 1 .021011947 .027309489 5496 5496
d2-00-h10032-s1-w.extra_proof rej 0 1 .021239335 .028181049 5740 5740
d2-00-h10032-s1-w.main_post_root rej 0 1 .021125731 .044793195 5618 5618
d1-01-h10025-s0-w.drop_node.main.18 rej 0 1 .133353464 .153689739 5222 5222
d1-01-h10025-s0-hdr.encoded_length rej 0 1 .017319167 .317114870 5276 5276
d2-02-h10026-s3-c.epoch_start_flip rej 0 1 .034207271 .040480889 10241 10241
d2-02-h10026-s3-c.extra_block rej 0 1 .037444284 .046822735 10241 10241
d2-02-h10026-s3-hdr.encoded_merkle_root rej 0 1 .034088077 .099443052 10241 10241
d2-02-h10026-s3-hdr.prev_gas_used rej 0 1 .033914581 .087337417 10241 10241
d2-02-h10026-s3-hdr.prev_outcome_root rej 0 1 .034076685 .087259441 10241 10241
d2-02-h10026-s3-hdr.proposals.add rej 0 1 .034006253 .087699098 10299 10299
d2-02-h10026-s3-hdr.tx_root rej 0 1 .034222069 .089410389 10241 10241
d2-02-h10026-s3-t.tx_valid_flip.0 rej 0 1 .033593476 .081988390 10241 10241
d2-02-h10026-s3-w.dup_key_last_bad rej 0 1 .034252877 .042695698 10363 10241
d2-02-h10026-s3-w.base_state.drop_node rej 0 1 .034632141 .070524184 10228 10228
d2-02-h10026-s3-t.validator_reward.own_shard.0(derived) rej 0 1 .033868373 .084273331 10241 10241
d2-02-h10026-s3-w.tx.sig_flip rej 0 1 .034236156 .046269864 10241 10241
d2-02-h10026-s3-w.new_tx.drop rej 0 1 .034331846 .089490510 10011 10011
d2-03-h10032-s0-c.inner_rest_flip rej 0 1 .080470523 .080783903 36737 36737
d2-03-h10032-s0-c.slot_inner_flip rej 0 1 .081862483 .089084375 36737 36737
d2-03-h10032-s0-hdr.bandwidth_requests.add rej 0 1 .112474979 .224099476 36744 36744
d2-03-h10032-s0-hdr.congestion.allowed_shard rej 0 1 .112310700 .222523230 36737 36737
d2-03-h10032-s0-hdr.encoded_length rej 0 1 .110249811 .239184598 36737 36737
d2-03-h10032-s0-hdr.prev_balance_burnt rej 0 1 .116013849 .216213304 36737 36737
d2-03-h10032-s0-hdr.prev_outgoing_receipts_root rej 0 1 .156918426 .222818656 36737 36737
d2-03-h10032-s0-hdr2.congestion.buffered_gas rej 0 1 .110852716 .219919038 36737 36737
d3-00-h10008-s2-hdr.proposed_split.some rej 0 1 .052220103 .091092726 13485 13485
d2-03-h10032-s0-w.epoch_id rej 0 1 .085064660 .091574813 36737 36737
d3-00-h10011-s3 rej 0 1 .035718255 .049779119 5025 5025
d2-03-h10032-s0-w.corrupt_proof rej 0 1 .109407556 .121167830 36737 36737
d2-03-h10032-s0-w.applied_receipts_hash rej 0 1 .112440194 .125027634 36737 36737
d3-00-h10038-s0-hdr.tx_root rej 0 1 .072751565 .124460307 15335 15335
d3-00-h10056-s3-hdr2.congestion.buffered_gas rej 0 1 .069339433 .117474188 15515 15515
d3-00-h10056-s3-w.base_state.drop_node rej 0 1 .100283904 .131271716 15461 15461
d3-00-h10068-s3 rej 0 1 .097516475 .131833424 13580 13580
d3-00-h10089-s0-w.dup_key_last_bad rej 0 1 .052572417 .059844663 16587 16326
d3-01-h10005-s2-code.none rej 0 1 .025913492 .070035243 9123 9123
d3-00-h10089-s0-hdr2.proposals.drop rej 0 1 .074857940 .117334314 16267 16267
d3-00-h10035-s0 rej 0 1 .181822167 .310346433 32345 32345
d3-00-h10081-s3 rej 0 1 .190292289 .233045805 25672 25672
d3-00-h10112-s0-hdr.bandwidth_requests.add rej 0 1 .123542069 .125708415 16384 16384
d3-01-h10014-s2-hdr.congestion.allowed_shard rej 0 1 .082806610 .146843944 20718 20718
d3-01-h10021-s0 rej 0 1 .063428048 .091877592 15606 15606
d3-01-h10014-s2-w.drop_node.main.1 rej 0 1 .082200119 .120364828 20642 20642
d3-01-h10046-s2-w.corrupt_proof rej 0 1 .027861558 .035812633 7837 7837
d3-01-h10026-s3-code.drop.1 rej 0 1 .085959454 .126153814 15466 15466
d3-01-h10042-s1-w.applied_receipts_hash rej 0 1 .050532417 .059164804 13564 13564
d3-01-h10036-s2-hdr.tx_root rej 0 1 .091393051 .151127827 20070 20070
d3-01-h10034-s2 rej 0 1 .132001981 .178551681 20955 20955
d3-01-h10052-s1-c.slot_height_flip rej 0 1 .059352537 .068584663 19282 19282
d3-01-h10080-s2 rej 0 1 .003554200 .003624612 22320 22320
d3-01-h10051-s2 rej 0 1 .070900010 .122435326 15227 15227
d3-01-h10070-s4-c.inner_rest_flip rej 0 1 .026407963 .027160729 18164 18164
d3-01-h10050-s2-code.flip.0 rej 0 1 .090233809 .139531261 17577 17577
d3-01-h10074-s0-hdr.prev_gas_used rej 0 1 .030979636 .064703559 9357 9357
d3-02-h10002-s2 rej 0 1 .010753439 .016593270 2370 2370
d3-01-h10118-s4-w.epoch_id rej 0 1 .049438828 .055508032 18091 18091
d3-01-h10118-s4-w.tx.sig_flip rej 0 1 .061991875 .077014589 18091 18091
d3-01-h10068-s0 rej 0 1 .150711524 .187227020 15292 15292
d3-02-h10025-s4 rej 0 1 .005640596 .007113528 32597 32597
d3-01-h10118-s4-hdr.gas_limit rej 0 1 .078427388 .125579203 18091 18091
d3-02-h10006-s4-w.new_tx.drop rej 0 1 .055515275 .088528419 13787 13787
d3-02-h10038-s2 rej 0 1 .050672581 .078851056 8056 8056
d3-02-h10005-s0 rej 0 1 .141772721 .190983489 16777 16777
d3-02-h10042-s0-w.trailing_byte rej 0 1 .005352113 .005763237 30354 30354
d3-01-h10097-s3-w.extra_proof rej 0 1 .168506766 .309877180 103110 103110
d3-02-h10037-s5-hdr2.congestion.buffered_gas rej 0 1 .116950943 .197336066 22942 22942
d3-02-h10042-s0-t.chain_id.mainnet(derived) rej 0 1 .099377068 .191966019 30353 30353
d3-02-h10070-s2 rej 0 1 .004000429 .004042659 30140 30140
d3-02-h10051-s2-hdr.prev_outcome_root rej 0 1 .037796026 .087104579 12111 12111
d3-02-h10042-s0-t.minimum_stake.raise(derived) rej 0 1 .098918084 .186644273 30353 30353
d3-02-h10092-s3-c.extra_block rej 0 1 .033844769 .043801579 14607 14607
d3-02-h10101-s4-w.corrupt_proof rej 0 1 .062730595 .073424131 17730 17730
d3-02-h10047-s2 rej 0 1 .178616775 .223297127 20920 20920
d3-02-h10101-s4-w.extra_proof rej 0 1 .062756544 .073448728 18302 18302
d3-02-h10088-s0-c.drop_last_block rej 0 1 .165802968 .304167202 104998 104998
d3-02-h10101-s4-w.new_tx.drop rej 0 1 .084460252 .135506287 17414 17414
d3-02-h10107-s1-hdr.proposals.add rej 0 1 .083340766 .147304111 18596 18596
d3-02-h10105-s2 rej 0 1 .166456318 .231816071 24737 24737
d3-02-h10110-s4 rej 0 1 .151184344 .177339951 20700 20700
d3-02-h10079-s5-hdr.prev_outcome_root rej 0 1 .290152316 .640451023 96788 96788
d3-02-h10112-s5-code.drop.0 rej 0 1 .094652435 .146792559 19494 19494
d3-02-h10118-s0-hdr.prev_state_root rej 0 1 .086624356 .136159957 18147 18147
d3-02-h10112-s5-hdr.encoded_merkle_root rej 0 1 .140316650 .228689837 20553 20553
d3-02-h10055-s4-w.drop_node.main.26 rej 0 1 .517471944 .765836431 77814 77814
d3-03-h10008-s2-c.inner_rest_flip rej 0 1 .110212912 .204522442 82688 82688
d3-03-h10025-s2-hdr.prev_balance_burnt rej 0 1 .133357011 .261658748 40008 40008
d3-03-h10025-s2-hdr.prev_state_root rej 0 1 .127616477 .240068192 40008 40008
d3-03-h10026-s1 rej 0 1 .156755439 .190388681 18032 18032
d3-03-h10025-s2-hdr.proposed_split.some rej 0 1 .187527296 .248911837 40032 40032
d3-03-h10031-s3-hdr.encoded_length rej 0 1 .212678723 .257072527 25398 25398
d3-03-h10043-s3-t.tx_valid_flip.0 rej 0 1 .123979883 .218360336 41828 41828
d3-03-h10048-s3-c.drop_last_block rej 0 1 .083255255 .081731537 25402 25402
d3-03-h10043-s3-w.implicit.post_root rej 0 1 .127087151 .249228544 41828 41828
d3-03-h10043-s3-w.tx.sig_flip rej 0 1 .125445832 .147454685 41828 41828
d3-03-h10051-s2-code.truncate.0 rej 0 1 .101792995 .147992266 20696 20696
d3-03-h10067-s3-hdr.gas_limit rej 0 1 .112470120 .209182142 33077 33077
d3-03-h10067-s3-w.implicit.post_root rej 0 1 .107546093 .188073995 33077 31473
d3-03-h10072-s2-hdr.bandwidth_requests.add rej 0 1 .104707941 .208441548 33848 33848
d3-03-h10088-s2-c.slot_height_flip rej 0 1 .058616312 .061506271 26334 26334
d3-03-h10100-s0-w.epoch_id rej 0 1 .048004439 .053292783 18963 18963
d3-03-h10106-s3-w.dup_key_last_bad rej 0 1 .130763120 .143630197 50224 45362
d3-03-h10104-s1 rej 0 1 .178940765 .225604852 26844 26844
d3-04-h10002-s1 rej 0 1 .010118103 .014995062 2220 2220
d3-03-h10111-s2-c.slot_inner_flip rej 0 1 .048236225 .047900444 23622 23622
d3-03-h10106-s3-t.chain_id.mainnet(derived) rej 0 1 .183987734 .282243862 45362 45362
d3-04-h10029-s0-hdr.encoded_length rej 0 1 .073284459 .225688880 15838 15838
d3-04-h10029-s0-w.main_post_root rej 0 1 .074726523 .213857452 15838 15838
d3-04-h10027-s2 rej 0 1 .138289456 .228934338 54181 54181
d3-04-h10055-s3 rej 0 1 .003692680 .003670989 18155 18155
d3-04-h10051-s1-hdr.proposals.add rej 0 1 .025470639 .050510386 6589 6589
d3-04-h10062-s3-c.slot_inner_flip rej 0 1 .030398934 .031340726 14255 14255
d3-04-h10067-s3-t.tx_valid_flip.0 rej 0 1 .028238087 .054445642 8575 8575
d3-03-h10082-s2-w.applied_receipts_hash rej 0 1 .488125823 .622009957 164109 164109
d3-04-h10057-s1-t.rs_params rej 0 1 .097294008 .156734450 18118 18118
d3-04-h10112-s1-w.drop_proof rej 0 1 .067049254 .074252781 32976 32976
d3-04-h10117-s0-t.rs_params rej 0 1 .069294619 .116512609 14762 14762
d3-04-h10112-s1-hdr.congestion.delayed_gas rej 0 1 .116839514 .206664424 33290 33290
d3-05-h10020-s2-w.trailing_byte rej 0 1 .003897876 .004257674 19771 19771
d3-04-h10120-s2 rej 0 1 .062427786 .093694192 11387 11387
d3-05-h10026-s1-w.drop_proof rej 0 1 .056243617 .080791218 20930 20930
d3-05-h10026-s1-hdr.prev_gas_used rej 0 1 .056540825 .148612866 21052 21052
d3-05-h10014-s0 rej 0 1 .186603838 .230194150 21120 21120
d3-03-h10082-s2-hdr2.proposals.stake_flip rej 0 1 .655867810 1.142547914 164109 164109
d3-05-h10030-s2-c.epoch_start_flip rej 0 1 .068022756 .075291898 19296 19296
d3-05-h10020-s2-hdr.prev_outgoing_receipts_root rej 0 1 .152347724 .218017512 19770 19770
d3-05-h10044-s1-hdr.prev_outgoing_receipts_root rej 0 1 .066726186 .122478898 15114 15114
d3-05-h10036-s0 rej 0 1 .079897195 .149943449 17375 17375
d3-05-h10030-s2-t.minimum_stake.raise(derived) rej 0 1 .130306029 .192184662 19296 19296
d3-05-h10032-s2-code.flip.1 rej 0 1 .109147407 .145553708 16309 16309
d3-05-h10030-s2-w.main_post_root rej 0 1 .130916749 .185626629 19296 19296
d3-05-h10053-s3-c.extra_block rej 0 1 .065443923 .044026793 8944 8944
d3-05-h10087-s1-code.truncate.0 rej 0 1 .046563457 .071056786 7561 7561
d3-05-h10078-s1-c.epoch_start_flip rej 0 1 .100542281 .116719849 22956 22956
d3-05-h10101-s3-code.none rej 0 1 .038725786 .067639554 16371 16371
d3-05-h10054-s0 rej 0 1 .257846564 .329982272 27119 27119
d3-05-h10062-s4-w.base_state.drop_node rej 0 1 .494189377 .675184409 99862 99862
d3-05-h10102-s0 rej 0 1 .405464347 .669409590 155617 155617
d3-05-h10102-s4-hdr.prev_balance_burnt rej 0 1 .318786840 .676671709 102672 102672
d3-05-h10102-s4-hdr.encoded_merkle_root rej 0 1 .328724564 .967026678 102672 102672
d3-05-h10120-s2 rej 0 1 .148333480 .200335283 18521 18521
d3-02-h10018-s0 rej 0 1 2.704391207 3.929320188 88219 88219
d3-05-h10057-s3-hdr2.bandwidth_requests.drop rej 0 1 2.097234901 4.123522403 118600 118600
d3-05-h10104-s0 rej 0 1 7.553660929 9.328804046 157731 157731
